8128: ([2809, 2821, 2839, 2850, 2882], [4, 8, 7, 3, 5]),
2882: ([8256, 8281])
8281: ([8100, 8128, 8177], [4, 3, 5]),

8128: ([2809, 2821, 2839, 2882], [3, 4, 8, 7, 5]),
2882: ([8256, 8281], [5, 3, 4]),
8281: ([8128, 8177], [4, 3, 5]),

8128: ([2809, 2821, 2839, 2882], [3, 4, 8, 7, 5]),
2809: ([], [4]),

8128: ([2809, 2821, 2839, 2882], [3, 4, 8, 7, 5]),
2821: ([2116, 2145, 2147], [8, 4, 3, 5]),
2116: ([1617, 1651, 1653, 1680], [4, 5, 7, 3, 8]),
1617: ([1711, 1764, 1782], [5, 3, 4, 7])
- 1711: ([1156, 1160, 1162, 1177], [3, 4, 8, 5, 7]),
- 1764: ([6426, 6441], [4, 7, 3])
- 1782: ([8256, 8281], [7, 3, 4]) <---

8256: ([5625, 5688], [3, 4, 7]) X
8281: ([8100, 8128, 8177], [4, 3, 5]), Xi

8128: [2809, 2821, 2839, 2882]
2882: [8256, 8281]
8281: [8128, 8177]
8256: [5625, 5688]
